
1847.2992
1379.4803
1055.4526
823.8311
655.4134
531.5852
438.46973
366.94394
311.3379
267.63882
232.8011
204.38971
180.78596
161.15775
144.921
131.3704
119.84071
109.74768
100.81317
92.94685
86.0618
79.936325
74.29506
68.93213
63.822983
59.04222
54.642136
50.598206
46.946716
43.973236
41.69301
39.556824
40.136993
38.60196
33.51288
34.329865
30.376526
31.049637
27.811005
27.71222
25.413177
24.091248
22.462341
20.457916
19.253876
17.202698
16.354156
14.503815
13.113098
11.298676
9.227234
7.6355896
4.9937134
3.7561035
1.4503174
-1.4164734
-2.4730225
-0.034118652
-2.1976013
-2.86203
-6.084778
-8.461121
-5.285095
-10.846893
-7.935089
-15.548096
-17.596039
-12.779999
-13.346252
-20.947693
-14.16687
-18.597778
-17.796387
-23.864166
-23.606201
-23.567291
-25.87857
-25.771912
-29.325531
-28.53009
-30.09787
-31.029816
-32.878693
-32.455322
-34.088013
-33.99301
-36.348053
-35.704987
-37.274506
-37.268707
-39.073456
-38.508606
-39.834045
-39.89627
-41.102844
-41.49115
-42.027374
-43.395874
-43.911133
-34.53427
-38.873566
-35.722656
-33.27997
-32.65448
-31.431488
-30.481964
-29.23404
-29.362823
-29.740112
-30.630371
-31.219757
-32.30963
-33.16983
-34.256042
-35.193787
-36.08954
-37.226044
-38.111145
-38.590057
-38.94821
-39.322876
-39.327545
-36.689667
-39.283356
-39.8927
-41.429474
-40.94232
-40.919586
-42.08313
-41.172028
-42.209778
-42.2417
-42.477417
-43.271545
-43.01233
-43.86444
-43.76712
-44.099
-44.72821
-44.460205
-44.77591
-45.532898
-45.296204
-44.693176
-45.635315
-46.248535
-46.644012
-46.710968
-46.476288
-46.3992
-45.52008
-46.859528
-47.611053
-48.04068
-47.87146
-47.676544
-48.41281
-48.809875
-48.740448
-48.78961
-48.91916
-49.43225
-49.79196
-50.066467
-50.26938
-50.415924
-50.40921
-49.45932
-45.263733
-12.541534
-40.659607
11.628937
-27.215698
1.9675293
2.9111938
-7.333008
-19.042938
-25.651855
-24.784576
-19.356873
-15.64621
-18.540283
-24.65271
-28.543396
-29.452576
-29.423126
-30.332428
-32.74884
-35.965973
-38.616272
-39.718903
-39.608185
-39.632812
-40.79004
-42.66806
-43.868164
-43.63745
-42.824432
-42.847595
-43.95346
-45.132202
-45.559814
-45.546783
-45.92923
-46.844788
-47.496613
-47.449524
-47.386017
-47.872925
-48.556427
-48.80197
-48.669098
-48.69507
-49.08191
-49.539795
-49.76938
-49.8757
-50.15094
-50.564392
-50.833862
-50.93097
-51.096252
-51.408295
-51.687744
-51.83441
-51.990204
-52.251892
-52.499786
-52.65155
-52.818787
-53.07776
-53.328156
-53.50418
-53.700134
-53.95633
-54.179474
-54.358
-54.576996
-54.819305
-55.019257
-55.22278
-55.46219
-55.68228
-55.89142
-56.13324
-56.370544
-56.595062
-56.84848
-57.095062
-57.331238
-57.589386
-57.83493
-58.080902
-58.340393
-58.580566
-58.830322
-59.07016
-59.29785
-59.528717
-59.736633
-59.9487
-60.139465
-60.331482
-60.51068
-60.69522
-60.875183
-61.064117
-61.251343
-61.44684
-61.637817
-61.832733
-62.018982
-62.206238
-62.383698
-62.56021
-62.72867
-62.896088
-63.060028
-63.221558
-63.383575
-63.543182
-63.70352
-63.861694
-64.01657
-64.14163
-63.977905
-61.56424
-52.19629
-50.288605
-56.57184
-63.33835
-58.169464
-63.52658
-61.026886
-62.057495
-63.816223
-63.728516
-63.201385
-63.561493
-64.20511
-64.6933
-64.436584
-64.121185
-64.82916
-65.5285
-65.453186
-65.38083
-65.72699
-66.10397
-66.33536
-66.434845
-66.44867
-66.681305
-67.12427
-67.26645
-67.229645
-67.53723
-67.86618
-67.93497
-68.06024
-68.29999
-68.510376
-68.67984
-68.82718
-69.012634
-69.2471
-69.40662
-69.52753
-69.75311
-69.953674
-70.0643
-70.251495
-70.466644
-70.59717
-70.75729
-70.95889
-71.088806
-71.18085
-71.167755
-70.63098
-68.44141
-66.218994
-64.58038
-68.16449
-72.100006
-69.774414
-70.67233
-72.54816
-71.02554
-72.23172
-72.81494
-71.909424
-73.1517
-73.068665
-72.71744
-73.77295
-73.34625
-73.40378
-74.29401
-73.82919
-73.99982
-74.8107
-74.38736
-74.412415
-75.29172
-75.09161
-74.84836
-75.661255
-75.88147
-75.544464
-75.85507
-76.39459
-76.60138
-76.481384
-76.43286
-76.832275
-77.23901
-77.465576
-77.49933
-77.46292
-77.56381
-77.71884
-78.019714
-78.27911
-78.53055
-78.7374
-78.9227
-79.08063
-79.20569
-79.2287
-79.05264
-78.18646
-77.11304
-74.34491
-76.08725
-77.446625
-80.30914
-80.06067
-77.88425
-78.84973