
6162.956
4977.3394
4062.081
3353.3613
2802.9263
2369.276
2024.8545
1750.0776
1528.5459
1347.4806
1198.0957
1074.177
970.56665
882.9747
808.40405
744.7269
690.0604
642.7065
601.5029
565.5819
533.986
505.8731
480.63965
457.90445
437.2591
418.53345
401.58813
386.0579
372.0724
359.40674
6162.956
4977.3394
4062.081
3353.3613
2802.9263
2369.276
2024.8545
1750.0776
1528.5459
1347.4806
1198.0957
1074.177
970.56665
882.9747
808.40405
744.7269
690.0604
642.7065
601.5029
565.5819
533.986
505.8731
480.63965
457.90445
437.2591
418.53345
401.58813
386.0579
372.0724
359.40674
347.95605
337.43857
327.91574
318.8385
310.29565
302.2705
294.50693
287.0356
279.91013
273.05258
266.47644
260.31998
255.17186
248.25374
242.39977
237.99731
236.4732
238.56355
232.85606
224.8987
228.35484
217.1733
217.52527
215.25436
207.44576
209.83075
201.09286
201.98132
199.2428
194.39111
193.91104
189.86664
188.3107
187.1214
183.57211
182.04135
180.75467
178.17404
177.01932
175.0541
172.86044
171.9838
170.15036
168.25177
167.03075
165.37418
164.07895
162.89297
161.15918
160.05066
158.77374
157.34662
156.29103
154.93385
153.73166
152.66562
151.37672
150.31401
149.21199
148.02095
147.04851
145.9523
144.92166
143.92786
142.84958
141.92548
140.93956
139.95615
139.04968
138.08849
137.19447
136.27657
135.36642
134.51721
133.61871
132.76181
131.90984
131.06186
130.24309
129.39885
128.59135
127.7809
126.97209
126.182846
125.382324
124.60231
123.816635
123.04315
122.26956
121.49576
120.73302
119.96306
119.20404
118.43927
117.67879
116.9158
116.15413
115.39169
114.62512
113.86075
113.09035
112.31914
111.54216
110.765945
109.98213
109.197205
108.40735
107.61519
106.8192
106.02048
105.22154
104.42018
103.6207
102.822174
102.02594
101.23389
100.44324
99.657394
98.87489
98.09433
97.3154
96.53894
95.759445
94.97839
94.19168
93.397156
92.58948
91.76347
90.914154
90.044846
89.270065
89.932205
93.45616
91.03352
88.76819
89.639114
87.114655
85.43225
85.634964
84.1772
82.558
82.7437
80.09015
81.269394
78.45027
78.447586
77.267
76.26309
75.500885
74.17091
74.71045
76.94586
78.73216
78.58037
76.27605
74.37552
73.50098
75.60782
73.13689
72.59338
72.16733
72.10817
71.24466
70.83182
70.26878
70.077545
69.01468
68.89105
68.47595
69.07454
66.774414
68.1573
69.73183
68.64906
65.797806
67.472946
65.62851
64.30922
65.093445
63.617172
61.956085
62.75055
60.574417
60.5224
61.94998
63.14427
59.528183
58.97209
58.700836
57.47937
56.394684
56.22534
55.366516
55.06662
55.122025
67.33469
65.52269
56.25679
56.845566
57.06096
56.168533
55.31546
54.788925
54.71167
54.992386
55.02649
55.380722
55.85936
54.41971
52.959793
52.609024
52.853302
52.737152
51.991104
51.26259
51.04326
50.751892
50.76468
50.14949
49.26375
48.714935
48.42021
48.36818
48.39218
47.482468
46.96666
46.449722
45.854065
47.26558
45.38858
45.619522
48.38968
45.954346
45.374237
43.483948
42.68631
45.57431
42.90248
42.822174
41.062088
42.83409
38.709503
40.021698
39.915863
37.953766
40.171143
37.385498
36.33821
38.22101
34.640945
35.203186
33.710297
37.914734
84.02139
81.64287
79.65393
67.52942
63.384827
59.619125
57.96483
57.526108
54.7493
55.040176
54.075974
51.629623
54.204605
52.078857
50.70584
51.115448
49.54622
49.15413
48.862793
47.96782
47.819794
47.117035
46.534073
46.713943
45.629868
45.526886
45.021393
44.568222
43.88713
43.767014
44.549698
51.064194
54.0354
48.13002
55.23503
45.846603
50.710785
45.723404
52.776093
46.733322
47.449448
48.54785
44.796524
45.281265
44.947403
44.645126
43.05925
42.776337
42.68811
40.154694
41.448425
39.97557
38.85382
39.449554
38.373108
37.89604
37.945496
36.646454
36.545593
35.629684
35.13246
35.271057
36.598343
40.70932
38.985565
43.286697
39.29956
40.174164
36.40686
44.777954
36.44557
39.042725
35.016068
36.97116
32.447083
34.383682
32.354156
34.60971
29.585754
31.44374
29.203278
30.056854
29.309998
29.184662
27.354675
27.411102
28.381104
31.551712
26.866821
37.135117
29.589813
27.090637
28.154175
26.972534
25.50061
24.966187
24.552185
23.522156
22.154236
23.509613
22.770905
20.346283
20.325195
18.921814
18.228516
18.97879
24.994354
25.754822
25.220673
24.88852
30.425537
18.898743
22.917328
19.397491
21.195892
24.77835
27.57788
31.726578
30.596481
34.06157
31.458405
33.070694
31.193893
32.226227
30.910797
31.657867
30.686813
29.55426
30.21785
28.983643
27.52948
28.269073
28.885986
25.966614
26.033722
29.344116
27.367706
27.954376
26.764862
24.561401
23.815155
24.20462
22.19751
22.759491
21.193298
21.777405
20.17981
20.44748
19.976227
19.358978
20.233612
27.658691
25.898865
24.287537
23.535889
23.957336
23.86322
21.581116
22.023285
21.596558
18.927704
19.023102
18.41269
18.4682
17.388794
18.150818
16.537964
6162.956
4977.3394
4062.081
3353.3613
2802.9263
2369.276
2024.8545
1750.0776
1528.5459
1347.4806
1198.0957
1074.177
970.56665
882.9747
808.40405
744.7269
690.0604
642.7065
601.5029
565.5819
6162.956
4977.3394
4062.081
3353.3613
2802.9263
2369.276
2024.8545
1750.0776
1528.5459
1347.4806
1198.0957
1074.177
970.56665
882.9747
808.40405
744.7269
690.0604
642.7065
601.5029
565.5819
6162.956
4977.3394
4062.081
3353.3613
2802.9263
2369.276
2024.8545
1750.0776
1528.5459
1347.4806
1198.0957
1074.177
970.56665
882.9747
808.40405
744.7269
690.0604
642.7065
601.5029
565.5819
6162.956
4977.3394
4062.081
3353.3613
2802.9263
2369.276
2024.8545
1750.0776
1528.5459
1347.4806
1198.0957
1074.177
970.56665
882.9747
808.40405
744.7269
690.0604
642.7065
601.5029
565.5819
533.986
505.8731
480.63965
457.90445
437.2591
418.53345
401.58813
386.0579
372.0724
359.40674
347.95605
337.43857
327.91574
318.8385
310.29565
302.2705
294.50693
287.0356
279.91013
273.05258
266.47644
260.31998
255.17186
248.25374
242.39977
237.99731
236.4732
238.56355
232.85606
224.8987
228.35484
217.1733
217.52527
215.25436
207.44576
209.83075
201.09286
201.98132
199.2428
194.39111
193.91104
189.86664
188.3107
187.1214
183.57211
182.04135
180.75467
178.17404
177.01932
175.0541
172.86044
171.9838
170.15036
168.25177
167.03075
165.37418
164.07895
162.89297
161.15918
160.05066
158.77374
157.34662
156.29103
154.93385
153.73166
152.66562
151.37672
150.31401
149.21199
148.02095
147.04851
145.9523
144.92166
143.92786
142.84958
141.92548
140.93956
139.95615
139.04968
138.08849
137.19447
136.27657
135.36642
134.51721
133.61871
132.76181
131.90984
131.06186
130.24309
129.39885
128.59135
127.7809
126.97209
126.182846
125.382324
124.60231
123.816635
123.04315
122.26956
121.49576
120.73302
119.96306
119.20404
118.43927
117.67879
116.9158
116.15413
115.39169
114.62512
113.86075
113.09035
112.31914
111.54216
110.765945
109.98213
109.197205
108.40735
107.61519
106.8192
106.02048
105.22154
104.42018
103.6207
102.822174
102.02594
101.23389
100.44324
99.657394
98.87489
98.09433
97.3154
96.53894
95.759445
94.97839
94.19168
93.397156
92.58948
91.76347
90.914154
90.044846
89.270065
89.932205
93.45616
91.03352
88.76819
89.639114
87.114655
85.43225
85.634964
84.1772
82.558
82.7437
80.09015
81.269394
78.45027
78.447586
77.267
76.26309
75.500885
74.17091
74.71045
76.94586
78.73216
78.58037
76.27605
74.37552
73.50098
75.60782
73.13689
72.59338
72.16733
72.10817
71.24466
70.83182
70.26878
70.077545
69.01468
68.89105
68.47595
69.07454
66.774414
68.1573
69.73183
68.64906
65.797806
67.472946
65.62851
64.30922
65.093445
63.617172
61.956085
62.75055
60.574417
60.5224
61.94998
63.14427
59.528183
58.97209
58.700836
57.47937
56.394684
56.22534
55.366516
55.06662
55.122025
67.33469
65.52269
56.25679
56.845566
57.06096
56.168533
55.31546
54.788925
54.71167
54.992386
55.02649
55.380722
55.85936
54.41971
52.959793
52.609024
52.853302
52.737152
51.991104
51.26259
51.04326
50.751892
50.76468
50.14949
49.26375
48.714935
48.42021
48.36818
48.39218
47.482468
46.96666
46.449722
45.854065
47.26558
45.38858
45.619522
48.38968
45.954346
45.374237
43.483948
42.68631
45.57431
42.90248
42.822174
41.062088
42.83409
38.709503
40.021698
39.915863
37.953766
40.171143
37.385498
36.33821
38.22101
34.640945
35.203186
33.710297
37.914734
84.02139
81.64287
79.65393
67.52942
63.384827
59.619125
57.96483
57.526108
54.7493
55.040176
54.075974
51.629623
54.204605
52.078857
50.70584
51.115448
49.54622
49.15413
48.862793
47.96782
47.819794
47.117035
46.534073
46.713943
45.629868
45.526886
45.021393
44.568222
43.88713
43.767014
44.549698
51.064194
54.0354
48.13002
55.23503
45.846603
50.710785
45.723404
52.776093
46.733322
47.449448
48.54785
44.796524
45.281265
44.947403
44.645126
43.05925
42.776337
42.68811
40.154694
41.448425
39.97557
38.85382
39.449554
38.373108
37.89604
37.945496
36.646454
36.545593
35.629684
35.13246
35.271057
36.598343
40.70932
38.985565
43.286697
39.29956
40.174164
36.40686
44.777954
36.44557
39.042725
35.016068
36.97116
32.447083
34.383682
32.354156
34.60971
29.585754
31.44374
29.203278
30.056854
29.309998
29.184662
27.354675
27.411102
28.381104
31.551712
26.866821
37.135117
29.589813
27.090637
28.154175
26.972534
25.50061
24.966187
24.552185
23.522156
22.154236
23.509613
22.770905
20.346283
20.325195
18.921814
18.228516
18.97879
24.994354
25.754822
25.220673
24.88852
30.425537
18.898743
22.917328
19.397491
21.195892
24.77835
27.57788
31.726578
30.596481
34.06157
31.458405
33.070694
31.193893
32.226227
30.910797
31.657867
30.686813
29.55426
30.21785
28.983643
27.52948
28.269073
28.885986
25.966614
26.033722
29.344116
27.367706
27.954376
26.764862
24.561401
23.815155
24.20462
22.19751
22.759491
21.193298
21.777405
20.17981
20.44748
19.976227
19.358978
20.233612
27.658691
25.898865
24.287537
23.535889
23.957336
23.86322
21.581116
22.023285
21.596558
18.927704
19.023102
18.41269
18.4682
17.388794
18.150818
16.537964