
5466.772
4458.851
3672.625
3061.8823
2580.2969
2196.9727
1890.16
1642.8887
1440.9628
1274.2336
1136.1411
1020.81354
923.0302
839.3948
767.7551
706.2346
652.8715
606.0628
565.02167
528.98755
497.06406
468.51154
442.9881
420.3507
400.27713
382.32904
366.02377
351.23553
337.55884
324.7355
5466.772
4458.851
3672.625
3061.8823
2580.2969
2196.9727
1890.16
1642.8887
1440.9628
1274.2336
1136.1411
1020.81354
923.0302
839.3948
767.7551
706.2346
652.8715
606.0628
565.02167
528.98755
497.06406
468.51154
442.9881
420.3507
400.27713
382.32904
366.02377
351.23553
337.55884
324.7355
312.70187
301.57114
291.3484
281.72983
272.6024
263.96542
255.84045
248.07315
240.61818
233.52867
226.8242
220.4618
214.44006
208.75955
203.24026
197.89543
192.95471
188.97351
187.2276
180.0172
180.28891
173.99583
172.8088
165.24039
165.15016
158.32596
156.49417
153.80069
148.73143
147.5608
143.25754
140.85403
138.19106
134.92632
132.39038
129.49243
127.13086
123.80582
122.07321
118.61882
116.59741
113.92743
111.06213
109.2688
106.28717
104.02641
102.126724
99.19032
97.5997
99.92345
94.54622
92.37213
90.46985
88.75267
87.14685
85.32384
83.65752
81.68355
79.90047
78.13591
76.47974
75.70337
73.60295
72.13536
70.03331
72.32251
82.50731
90.66644
73.431946
75.93408
72.83055
69.45398
82.78078
74.703354
64.90718
66.45329
64.46152
60.64206
64.49919
63.13855
58.497437
60.058075
57.997223
54.604797
55.932007
53.971634
51.05417
51.79727
50.42621
48.283493
48.66548
47.393234
45.85591
45.028442
44.34691
42.70436
42.13939
41.319565
39.55861
39.685333
37.772156
37.566803
36.310226
35.393707
34.63835
33.53586
32.871124
31.627472
31.1521
29.896881
29.226105
28.010986
27.350006
26.17691
25.322205
24.179657
23.240295
22.207642
20.792328
20.227203
27.149414
29.647308
23.805908
25.839264
23.246948
24.371399
49.09497
72.47328
50.48999
37.642593
32.534515
29.974915
29.875458
28.67215
29.285675
30.005981
28.673798
29.56665
30.800446
29.026947
30.059753
30.901382
28.881104
27.79181
25.949799
27.071869
25.147766
24.079803
23.225494
22.511261
20.480804
21.34436
17.698273
19.167664
15.789734
16.804596
17.875671
13.576324
16.755829
14.930634
12.7343445
15.027405
11.131897
13.297119
9.895386
11.520599
9.55188
8.812927
8.640808
7.477936
7.9022217
5.9546814
5.8695374
6.1583557
4.688751
4.855255
4.435791
3.8634338
3.4065247
3.668213
2.4058228
2.0055542
1.8684387
1.2826843
0.91726685
0.52926636
0.30288696
-0.31808472
-0.41604614
-0.76831055
-0.8890686
-1.5188293
-1.7823181
-2.2249756
-2.448944
-2.8044128
-3.1113586
-3.455017
-3.7922668
-4.028656
-4.434326
-4.667145
-4.981415
-5.0081787
-4.97287
-4.20166
-3.7896118
-3.209076
-6.1331787
-6.572113
-4.786865
-5.648468
-7.255432
-7.336548
-6.3236084
-6.1596985
-8.519653
-7.3389893
-4.462219
-8.078583
-8.317688
-6.754303
-9.788696
-9.920563
-8.469849
-10.965698
-10.749329
-9.251343
-10.997864
-12.000397
-10.281952
-10.97821
-12.132324
-12.960632
-11.891968
-11.31073
-12.338745
-13.570435
-13.133087
-11.388611
-9.634949
-13.027466
-11.576477
-12.508331
-15.101227
-12.935028
-10.598053
-15.394928
-11.366272
-13.012634
-15.828461
-12.462006
-15.41333
-16.166412
-13.290436
-16.354248
-16.544312
-15.358612
-17.106049
-18.687195
-17.647614
-17.327362
-18.86618
-17.820007
-17.983765
-20.04477
-19.926056
-19.036072
-20.452332
-20.795837
-19.694153
-19.700897
-20.243195
-21.83017
-21.11026
-19.574005
-20.292542
-21.460144
-22.608826
-21.094421
-18.661407
-20.966064
-22.54422
-21.562653
-22.642212
-23.737122
-24.497498
-23.852417
-23.693878
-24.894043
-25.241638
-25.509674
-25.80777
-25.759613
-25.79071
-25.591156
-24.427856
-19.871735
-21.805634
-25.208984
-22.029694
-24.28064
-27.153778
-25.69159
-24.483215
-25.921356
-28.49057
-26.674438
-24.142792
-26.719818
-28.459259
-27.011627
-26.131561
-24.370117
-27.716461
-29.02237
-27.379578
-28.95868
-30.53009
-30.149261
-28.560394
-27.293793
-30.466003
-31.460693
-29.956635
-29.06491
-28.433807
-31.155365
-32.318848
-29.911133
-27.430145
-25.155151
-30.961243
-28.183289
-29.914368
-33.321472
-28.310944
-18.743042
-30.144592
-24.83725
-28.13498
-30.15747
-21.37793
-32.23056
-28.030426
-30.363739
-31.19806
-31.991913
-33.39395
-28.625092
-25.904022
-34.095947
-25.375366
-34.46347
-28.937805
-32.99353
-33.46176
-31.245148
-36.639038
-30.642578
-35.990234
-35.850067
-33.444794
-37.726074
-37.00766
-36.62805
-38.909515
-37.835114
-38.375122
-40.082825
-39.668457
-39.12918
-39.649017
-40.79654
-40.982117
-40.459625
-40.546722
-41.31424
-42.3497
-42.942627
-43.002228
-42.87787
-42.530273
-41.784058
-39.790253
-39.498688
-42.194305
-44.761078
-42.865723
-38.58316
-36.375122
-38.15274
-43.88098
-41.12137
-41.752686
-45.91388
-46.18927
-42.00171
-37.500732
-38.168945
-46.176697
-41.135345
-44.273987
-47.688354
-42.947388
-40.883392
-48.63977
-49.210968
-44.308716
-46.747864
-51.008972
-50.422363
-46.97708
-43.722076
-47.8956
-51.944183
-51.538116
-49.884216
-52.144318
-54.545807
5466.772
4458.851
3672.625
3061.8823
2580.2969
2196.9727
1890.16
1642.8887
1440.9628
1274.2336
1136.1411
1020.81354
923.0302
839.3948
767.7551
706.2346
652.8715
606.0628
565.02167
528.98755
5466.772
4458.851
3672.625
3061.8823
2580.2969
2196.9727
1890.16
1642.8887
1440.9628
1274.2336
1136.1411
1020.81354
923.0302
839.3948
767.7551
706.2346
652.8715
606.0628
565.02167
528.98755
5466.772
4458.851
3672.625
3061.8823
2580.2969
2196.9727
1890.16
1642.8887
1440.9628
1274.2336
1136.1411
1020.81354
923.0302
839.3948
767.7551
706.2346
652.8715
606.0628
565.02167
528.98755
5466.772
4458.851
3672.625
3061.8823
2580.2969
2196.9727
1890.16
1642.8887
1440.9628
1274.2336
1136.1411
1020.81354
923.0302
839.3948
767.7551
706.2346
652.8715
606.0628
565.02167
528.98755
497.06406
468.51154
442.9881
420.3507
400.27713
382.32904
366.02377
351.23553
337.55884
324.7355
312.70187
301.57114
291.3484
281.72983
272.6024
263.96542
255.84045
248.07315
240.61818
233.52867
226.8242
220.4618
214.44006
208.75955
203.24026
197.89543
192.95471
188.97351
187.2276
180.0172
180.28891
173.99583
172.8088
165.24039
165.15016
158.32596
156.49417
153.80069
148.73143
147.5608
143.25754
140.85403
138.19106
134.92632
132.39038
129.49243
127.13086
123.80582
122.07321
118.61882
116.59741
113.92743
111.06213
109.2688
106.28717
104.02641
102.126724
99.19032
97.5997
99.92345
94.54622
92.37213
90.46985
88.75267
87.14685
85.32384
83.65752
81.68355
79.90047
78.13591
76.47974
75.70337
73.60295
72.13536
70.03331
72.32251
82.50731
90.66644
73.431946
75.93408
72.83055
69.45398
82.78078
74.703354
64.90718
66.45329
64.46152
60.64206
64.49919
63.13855
58.497437
60.058075
57.997223
54.604797
55.932007
53.971634
51.05417
51.79727
50.42621
48.283493
48.66548
47.393234
45.85591
45.028442
44.34691
42.70436
42.13939
41.319565
39.55861
39.685333
37.772156
37.566803
36.310226
35.393707
34.63835
33.53586
32.871124
31.627472
31.1521
29.896881
29.226105
28.010986
27.350006
26.17691
25.322205
24.179657
23.240295
22.207642
20.792328
20.227203
27.149414
29.647308
23.805908
25.839264
23.246948
24.371399
49.09497
72.47328
50.48999
37.642593
32.534515
29.974915
29.875458
28.67215
29.285675
30.005981
28.673798
29.56665
30.800446
29.026947
30.059753
30.901382
28.881104
27.79181
25.949799
27.071869
25.147766
24.079803
23.225494
22.511261
20.480804
21.34436
17.698273
19.167664
15.789734
16.804596
17.875671
13.576324
16.755829
14.930634
12.7343445
15.027405
11.131897
13.297119
9.895386
11.520599
9.55188
8.812927
8.640808
7.477936
7.9022217
5.9546814
5.8695374
6.1583557
4.688751
4.855255
4.435791
3.8634338
3.4065247
3.668213
2.4058228
2.0055542
1.8684387
1.2826843
0.91726685
0.52926636
0.30288696
-0.31808472
-0.41604614
-0.76831055
-0.8890686
-1.5188293
-1.7823181
-2.2249756
-2.448944
-2.8044128
-3.1113586
-3.455017
-3.7922668
-4.028656
-4.434326
-4.667145
-4.981415
-5.0081787
-4.97287
-4.20166
-3.7896118
-3.209076
-6.1331787
-6.572113
-4.786865
-5.648468
-7.255432
-7.336548
-6.3236084
-6.1596985
-8.519653
-7.3389893
-4.462219
-8.078583
-8.317688
-6.754303
-9.788696
-9.920563
-8.469849
-10.965698
-10.749329
-9.251343
-10.997864
-12.000397
-10.281952
-10.97821
-12.132324
-12.960632
-11.891968
-11.31073
-12.338745
-13.570435
-13.133087
-11.388611
-9.634949
-13.027466
-11.576477
-12.508331
-15.101227
-12.935028
-10.598053
-15.394928
-11.366272
-13.012634
-15.828461
-12.462006
-15.41333
-16.166412
-13.290436
-16.354248
-16.544312
-15.358612
-17.106049
-18.687195
-17.647614
-17.327362
-18.86618
-17.820007
-17.983765
-20.04477
-19.926056
-19.036072
-20.452332
-20.795837
-19.694153
-19.700897
-20.243195
-21.83017
-21.11026
-19.574005
-20.292542
-21.460144
-22.608826
-21.094421
-18.661407
-20.966064
-22.54422
-21.562653
-22.642212
-23.737122
-24.497498
-23.852417
-23.693878
-24.894043
-25.241638
-25.509674
-25.80777
-25.759613
-25.79071
-25.591156
-24.427856
-19.871735
-21.805634
-25.208984
-22.029694
-24.28064
-27.153778
-25.69159
-24.483215
-25.921356
-28.49057
-26.674438
-24.142792
-26.719818
-28.459259
-27.011627
-26.131561
-24.370117
-27.716461
-29.02237
-27.379578
-28.95868
-30.53009
-30.149261
-28.560394
-27.293793
-30.466003
-31.460693
-29.956635
-29.06491
-28.433807
-31.155365
-32.318848
-29.911133
-27.430145
-25.155151
-30.961243
-28.183289
-29.914368
-33.321472
-28.310944
-18.743042
-30.144592
-24.83725
-28.13498
-30.15747
-21.37793
-32.23056
-28.030426
-30.363739
-31.19806
-31.991913
-33.39395
-28.625092
-25.904022
-34.095947
-25.375366
-34.46347
-28.937805
-32.99353
-33.46176
-31.245148
-36.639038
-30.642578
-35.990234
-35.850067
-33.444794
-37.726074
-37.00766
-36.62805
-38.909515
-37.835114
-38.375122
-40.082825
-39.668457
-39.12918
-39.649017
-40.79654
-40.982117
-40.459625
-40.546722
-41.31424
-42.3497
-42.942627
-43.002228
-42.87787
-42.530273
-41.784058
-39.790253
-39.498688
-42.194305
-44.761078
-42.865723
-38.58316
-36.375122
-38.15274
-43.88098
-41.12137
-41.752686
-45.91388
-46.18927
-42.00171
-37.500732
-38.168945
-46.176697
-41.135345
-44.273987
-47.688354
-42.947388
-40.883392
-48.63977
-49.210968
-44.308716
-46.747864
-51.008972
-50.422363
-46.97708
-43.722076
-47.8956
-51.944183
-51.538116
-49.884216
-52.144318
-54.545807
5466.772
4458.851
3672.625
3061.8823
2580.2969
2196.9727
1890.16
1642.8887
1440.9628
1274.2336
1136.1411
1020.81354
923.0302
839.3948
767.7551
706.2346
652.8715
606.0628
565.02167
528.98755
497.06406
468.51154
442.9881
420.3507
400.27713
382.32904
366.02377
351.23553
337.55884
324.7355
312.70187
301.57114
291.3484
281.72983
272.6024
263.96542
255.84045
248.07315
240.61818
233.52867
226.8242
220.4618
214.44006
208.75955
203.24026
197.89543
192.95471
188.97351
187.2276
180.0172
180.28891
173.99583
172.8088
165.24039
165.15016
158.32596
156.49417
153.80069
148.73143
147.5608
143.25754
140.85403
138.19106
134.92632
132.39038
129.49243
127.13086
123.80582
122.07321
118.61882
116.59741
113.92743
111.06213
109.2688
106.28717
104.02641
102.126724
99.19032
97.5997
99.92345
94.54622
92.37213
90.46985
88.75267
87.14685
85.32384
83.65752
81.68355
79.90047
78.13591
76.47974
75.70337
73.60295
72.13536
70.03331
72.32251
82.50731
90.66644
73.431946
75.93408
72.83055
69.45398
82.78078
74.703354
64.90718
66.45329
64.46152
60.64206
64.49919
63.13855
58.497437
60.058075
57.997223
54.604797
55.932007
53.971634
51.05417
51.79727
50.42621
48.283493
48.66548
47.393234
45.85591
45.028442
44.34691
42.70436
42.13939
41.319565
39.55861
39.685333
37.772156
37.566803
36.310226
35.393707
34.63835
33.53586
32.871124
31.627472
31.1521
29.896881
29.226105
28.010986
27.350006
26.17691
25.322205
24.179657
23.240295
22.207642
20.792328
20.227203
27.149414
29.647308
23.805908
25.839264
23.246948
24.371399
49.09497
72.47328
50.48999
37.642593
32.534515
29.974915
29.875458
28.67215
29.285675
30.005981
28.673798
29.56665
30.800446
29.026947
30.059753
30.901382
28.881104
27.79181
25.949799
27.071869
25.147766
24.079803
23.225494
22.511261
20.480804
21.34436
17.698273
19.167664
15.789734
16.804596
17.875671
13.576324
16.755829
14.930634
12.7343445
15.027405
11.131897
13.297119
9.895386
11.520599
9.55188
8.812927
8.640808
7.477936
7.9022217
5.9546814
5.8695374
6.1583557
4.688751
4.855255
4.435791
3.8634338
3.4065247
3.668213
2.4058228
2.0055542
1.8684387
1.2826843
0.91726685
0.52926636
0.30288696
-0.31808472
-0.41604614
-0.76831055
-0.8890686
-1.5188293
-1.7823181
-2.2249756
-2.448944
-2.8044128
-3.1113586
-3.455017
-3.7922668
-4.028656
-4.434326
-4.667145
-4.981415
-5.0081787
-4.97287
-4.20166
-3.7896118
-3.209076
-6.1331787
-6.572113
-4.786865
-5.648468
-7.255432
-7.336548
-6.3236084
-6.1596985
-8.519653
-7.3389893
-4.462219
-8.078583
-8.317688
-6.754303
-9.788696
-9.920563
-8.469849
-10.965698
-10.749329
-9.251343
-10.997864
-12.000397
-10.281952
-10.97821
-12.132324
-12.960632
-11.891968
-11.31073
-12.338745
-13.570435
-13.133087
-11.388611
-9.634949
-13.027466
-11.576477
-12.508331
-15.101227
-12.935028
-10.598053
-15.394928
-11.366272
-13.012634
-15.828461
-12.462006
-15.41333
-16.166412
-13.290436
-16.354248
-16.544312
-15.358612
-17.106049
-18.687195
-17.647614
-17.327362
-18.86618
-17.820007
-17.983765
-20.04477
-19.926056
-19.036072
-20.452332
-20.795837
-19.694153
-19.700897
-20.243195
-21.83017
-21.11026
-19.574005
-20.292542
-21.460144
-22.608826
-21.094421
-18.661407
-20.966064
-22.54422
-21.562653
-22.642212
-23.737122
-24.497498
-23.852417
-23.693878
-24.894043
-25.241638
-25.509674
-25.80777
-25.759613
-25.79071
-25.591156
-24.427856
-19.871735
-21.805634
-25.208984
-22.029694
-24.28064
-27.153778
-25.69159
-24.483215
-25.921356
-28.49057
-26.674438
-24.142792
-26.719818
-28.459259
-27.011627
-26.131561
-24.370117
-27.716461
-29.02237
-27.379578
-28.95868
-30.53009
-30.149261
-28.560394
-27.293793
-30.466003
-31.460693
-29.956635
-29.06491
-28.433807
-31.155365
-32.318848
-29.911133
-27.430145
-25.155151
-30.961243
-28.183289
-29.914368
-33.321472
-28.310944
-18.743042
-30.144592
-24.83725
-28.13498
-30.15747
-21.37793
-32.23056
-28.030426
-30.363739
-31.19806
-31.991913
-33.39395
-28.625092
-25.904022
-34.095947
-25.375366
-34.46347
-28.937805
-32.99353
-33.46176
-31.245148
-36.639038
-30.642578
-35.990234
-35.850067
-33.444794
-37.726074
-37.00766
-36.62805
-38.909515
-37.835114
-38.375122
-40.082825
-39.668457
-39.12918
-39.649017
-40.79654
-40.982117
-40.459625
-40.546722
-41.31424
-42.3497
-42.942627
-43.002228
-42.87787
-42.530273
-41.784058
-39.790253
-39.498688
-42.194305
-44.761078
-42.865723
-38.58316
-36.375122
-38.15274
-43.88098
-41.12137
-41.752686
-45.91388
-46.18927
-42.00171
-37.500732
-38.168945
-46.176697
-41.135345
-44.273987
-47.688354
-42.947388
-40.883392
-48.63977
-49.210968
-44.308716
-46.747864
-51.008972
-50.422363
-46.97708
-43.722076
-47.8956
-51.944183
-51.538116
-49.884216
-52.144318
-54.545807